# Created by Octave 6.2.0, Thu May 19 15:20:53 2022 UTC <www-data@5f2ed6e0ce0d>
# name: x
# type: matrix
# rows: 501
# columns: 5
 0 0 0 0 0
 0.0027722662672411123 0.32205489365797302 -0.0015115081295281538 2.0969954060973373 -1.4358200878965585e-05
 0.0063102383945301743 0.38210515618622404 -0.0017834687609325779 1.9406825749899772 -3.0926694502202995e-05
 0.010380956417051806 0.43037065948907138 -0.0020002083521273462 1.7438968239573833 -4.9883704138740875e-05
 0.014884256358312642 0.46860970599581431 -0.002170712734977283 1.5289503725146412 -7.0776986701746433e-05
 0.019719536710223057 0.49677028406712687 -0.0022948500697533071 1.3006351851380491 -9.3143316627968418e-05
 0.024786400682501812 0.51495785179499554 -0.0023731967847323539 1.063560395581058 -0.00011652127069993803
 0.029986323980936029 0.52343942692489764 -0.0024070656890233552 0.82221662939999929 -0.0001404589181127498
 0.035224204261527413 0.52262993389835521 -0.002398442250369978 0.58090833263198149 -0.00016452087652210889
 0.040409764094550917 0.51307672935136028 -0.0023499125646895469 0.34369207826901826 -0.00018829468417024182
 0.045458792182368181 0.49544278822710142 -0.002264585355942332 0.11432257754360697 -0.00021139642044636995
 0.050294211245882833 0.47048891117774372 -0.0021460096666268019 -0.10379313030502502 -0.00023347552352523439
 0.054846964575967168 0.43905530874359394 -0.0019980898708854807 -0.30763300905436353 -0.00025421877018014927
 0.059056716755888285 0.40204290785105173 -0.0018249995934399841 -0.49458873653658575 -0.00027335339896368891
 0.062872367444419902 0.36039471099083104 -0.0016310960450257707 -0.66248580798470558 -0.0002906493734373729
 0.066252380317277704 0.31507751857370336 -0.0014208361912088322 -0.80959518804872133 -0.00030592079678604019
 0.06916493225290167 0.26706430101560885 -0.0011986960592352755 -0.93463680100565716 -0.00031902650277442775
 0.071587890579778157 0.21731747971458482 -0.00096909435983763103 -1.0367752693301742 -0.00032986986042300015
 0.073508628645288093 0.16677334590709669 -0.00073632146073717905 -1.115608417606003 -0.00033839784085749447
 0.07492369209596618 0.11632781409855431 -0.00050447459901309323 -1.171149150740733 -0.0003445994044127347
 0.075838330058211001 0.066823673016859819 -0.00027740006361142724 -1.2038013919024446 -0.0003485032741675063
 0.076265906865637029 0.019039462489826742 -5.8642920025593062e-05 -1.2143308261322976 -0.00035017516860537303
 0.076227211089545652 -0.026319930075627218 0.00014859531053461545 -1.2038312400988809 -0.00034971457101729968
 0.075749679393666017 -0.068630894238413231 0.00034149076264272334 -1.1736872771197722 -0.00034725111659479325
 0.074866553160370414 -0.10735691605001768 0.00051762302669549481 -1.1255344398119966 -0.00034294067994217274
 0.073615985935289521 -0.14205259837574041 0.00067499268102356015 -1.0612171712092429 -0.00033696124602279577
 0.072040119527711208 -0.17236591775036886 0.00081203073616240495 -0.98274582977340552 -0.00032950864642760486
 0.07018414610663079 -0.19803878111515444 0.00092760029705879878 -0.89225334548818092 -0.00032079224041530645
 0.068095372871743665 -0.21890597073850965 0.0010209908623099507 -0.79195230436499742 -0.00031103061653828718
 0.065822304882936541 -0.23489258765960302 0.0010919057792960866 -0.68409315855432418 -0.00030044738596686374
 0.063413760431197883 -0.24601012290903929 0.0011404434593726186 -0.57092420027216262 -0.00028926713299698306
 0.060918031960295292 -0.25235130141525636 0.0011670730275314747 -0.45465387142250924 -0.00027771158182088453
 0.058382104035096187 -0.25408385582317811 0.0011726051358062236 -0.33741590865934867 -0.00026599603160894149
 0.055850938232528999 -0.25144339641752073 0.0011581587091431277 -0.22123774723331735 -0.00025432610444812227
 0.053366833138253307 -0.24472554899872595 0.0011251244167122879 -0.10801252783822779 -0.00024289484286152397
 0.050968865898799412 -0.23427753499983744 0.0010751256711547287 0.00052502970091072854 -0.00023188018564406092
 0.048692420036723041 -0.22048936750139142 0.0010099779537386154 0.10281870225077516 -0.0002214428427356818
 0.046568802515013399 -0.20378483328564884 0.00093164724571367583 0.19750668373178959 -0.00021172458195162306
 0.044624951364342871 -0.18461242489607393 0.00084220831636087554 0.28343332096944085 -0.00020284693272566655
 0.042883233588091402 -0.16343637808952932 0.00074380357753103419 0.35965670803382355 -0.00019491030471235286
 0.04136133155805552 -0.14072795936953308 0.00063860316416287271 0.42545224925312675 -0.00018799351224025286
 0.040072214728072673 -0.11695713577088585 0.00052876684176538825 0.48031236256061693 -0.00018215368929978698
 0.039024192240078436 -0.092584745044065053 0.00041640827659677701 0.52394254988985134 -0.00017742657406049055
 0.038221040890798211 -0.068055269184222 0.00030356213375742143 0.55625410941215003 -0.00017382713690411051
 0.037662201977554044 -0.043790298188001564 0.00019215439412595685 0.57735380510583756 -0.00017135052167665849
 0.037343039755518108 -0.02018275432117439 8.3976204471539239e-05 0.58753084219813889 -0.0001699732663349115
 0.037255153619993667 0.002408069648636435 -1.9338502407183385e-05 0.58724152231111182 -0.00016965476640677109
 0.037386735676741861 0.023660621560862793 -0.00011633145768096768 0.57709196969312537 -0.00017033894270239414
 0.03772296507891474 0.043294330034555073 -0.00020573449207045096 0.55781932987656058 -0.00017195607349299955
 0.038246430386044215 0.061071969239974766 -0.00028647994482867306 0.53027184473926869 -0.00017442475089345108
 0.038937571231573882 0.07680115878460414 -0.00035770710236991015 0.49538820363809921 -0.00017765392140873908
 0.039775130761229918 0.090335023171563222 -0.00041876478633617702 0.45417655949905544 -0.00018154497148907572
 0.040736610613833296 0.1015720480187049 -0.00046921026877448299 0.40769358204363604 -0.00018599382043065396
 0.041798720646088881 0.11045518160015122 -0.00050880474366621332 0.35702389832582715 -0.0001908929849991852
 0.042937816139285032 0.11697024017538504 -0.00053750562880020654 0.30326024412355967 -0.00019613358267535062
 0.044130315853563737 0.12114368392211122 -0.00055545600955224589 0.2474846191859208 -0.00020160724335516674
 0.045353094998670997 0.12303983703666505 -0.00056297156630623541 0.19075070562139507 -0.00020720790261097703
 0.046583847952703351 0.12275763068839751 -0.00056052534994386369 0.13406777257229874 -0.00021283345315582461
 0.047801416366093412 0.1204269510193991 -0.00054873078508818488 0.078386252503476195 -0.00021838723488066354
 0.048986079120895844 0.11620467630211623 -0.00052832328878259704 0.024585135671637115 -0.00022377934767665175
 0.050119801459781517 0.11027048776353393 -0.00050014089330290825 -0.02653870965838534 -0.00022892777514233489
 0.051186441440158867 0.1028225375365977 -0.0004651042562204583 -0.074279222253013089 -0.00023375931113992179
 0.052171912692563369 0.094073054808006151 -0.00042419642913131528 -0.11802780672115132 -0.00023821028494240109
 0.05306430325602806 0.084243967613836068 -0.00037844273918901587 -0.15727797050167336 -0.00024222708434541097
 0.053853951014954667 0.073562613021944723 -0.00032889111533703874 -0.1916279771839422 -0.00024576647955181001
 0.054533476961800484 0.062257602774880794 -0.00027659316459131248 -0.22078158548989535 -0.00024879575382643222
 0.055097778148899233 0.05055490499915305 -0.00022258627356648597 -0.24454697146110416 -0.00025129264982394223
 0.055543982763688417 0.038674195471029349 -0.00016787697738689989 -0.26283395634772333 -0.0002532451430814939
 0.055871370258828726 0.02682552432248575 -0.00011342580289662148 -0.27564968415589641 -0.00025465105641468098
 0.056081259888044868 0.015206336129606146 -6.0133756399823393e-05 -0.28309291061586395 -0.00025551753084191743
 0.056176871337413455 0.0039988732024689444 -8.8305887238817465e-06 -0.28534707939506898 -0.0002558603701778459
 0.056163161399192855 -0.0066320162625916335 3.9735067124050186e-05 -0.2826723716775934 -0.00025570327757648705
